3 0
3 186
2 0
2 1
2 2
2 1021
2 1022
2 1023
2 883
2 634
2 562
2 955
2 318
2 764
2 565
2 817
2 659
2 10
2 720
2 813
2 470
2 539
2 1018
2 942
2 944
2 116
2 650
2 221
3 34
2 0
2 1
2 2
2 1021
2 1022
2 1023
2 840
2 156
2 159
2 418
2 315
2 66
2 852
2 137
2 1000
2 924
2 862
2 734
2 637
2 213
2 571
2 867
2 42
2 188
2 996
2 521
3 122
2 0
2 1
2 2
2 1021
2 1022
2 1023
2 66
2 130
2 8
2 803
2 853
2 417
2 106
2 417
2 5
2 815
2 451
2 209
2 460
2 247
2 62
2 360
2 530
2 1008
2 703
2 229
3 99
2 0
2 1
2 2
2 1021
2 1022
2 1023
2 863
2 819
2 340
2 613
2 563
2 491
2 64
2 893
2 828
2 742
2 750
2 284
2 841
2 246
2 357
2 615
2 364
2 660
2 310
2 569
3 214
2 0
2 1
2 2
2 1021
2 1022
2 1023
2 92
2 550
2 186
2 181
2 226
2 151
2 311
2 452
2 95
2 106
2 372
2 648
2 259
2 338
2 808
2 128
2 286
2 1016
2 300
2 839
3 11
2 0
2 1
2 2
2 1021
2 1022
2 1023
2 643
2 855
2 269
2 900
2 495
2 997
2 90
2 779
2 700
2 876
2 102
2 365
2 946
2 812
2 656
2 58
2 319
2 814
2 592
2 201
3 93
2 0
2 1
2 2
2 1021
2 1022
2 1023
2 857
2 846
2 384
2 731
2 721
2 747
2 812
2 970
2 546
2 877
2 57
2 636
2 730
2 276
2 804
2 790
2 746
2 708
2 144
2 338
3 141
2 0
2 1
2 2
2 1021
2 1022
2 1023
2 599
2 626
2 933
2 1016
2 41
2 1018
2 690
2 637
2 553
2 733
2 933
2 372
2 682
2 604
2 847
2 390
2 775
2 65
2 878
2 343
3 42
2 0
2 1
2 2
2 1021
2 1022
2 1023
2 749
2 156
2 332
2 538
2 956
2 450
2 953
2 308
2 964
2 383
2 664
2 836
2 723
2 2
2 49
2 274
2 752
2 793
2 266
2 796
3 232
2 0
2 1
2 2
2 1021
2 1022
2 1023
2 502
2 1009
2 445
2 974
2 475
2 182
2 283
2 554
2 190
2 736
2 126
2 702
2 197
2 237
2 334
2 13
2 48
2 55
2 763
2 268
3 160
2 0
2 1
2 2
2 1021
2 1022
2 1023
2 985
2 388
2 577
2 163
2 112
2 143
2 169
2 106
2 711
2 554
2 1014
2 494
2 745
2 766
2 588
2 563
2 685
2 611
2 129
2 449
3 71
2 0
2 1
2 2
2 1021
2 1022
2 1023
2 980
2 664
2 603
2 1009
2 5
2 728
2 535
2 368
2 389
2 859
2 619
2 580
2 338
2 523
2 847
2 875
2 216
2 783
2 996
2 183
3 51
2 0
2 1
2 2
2 1021
2 1022
2 1023
2 735
2 59
2 785
2 14
2 525
2 566
2 307
2 871
2 256
2 147
2 326
2 377
2 204
2 880
2 593
2 225
2 831
2 774
2 606
2 973
3 95
2 0
2 1
2 2
2 1021
2 1022
2 1023
2 134
2 505
2 177
2 997
2 496
2 262
2 873
2 861
2 737
2 827
2 900
2 650
2 180
2 919
2 549
2 355
2 803
2 109
2 979
2 697
3 25
2 0
2 1
2 2
2 1021
2 1022
2 1023
2 292
2 270
2 822
2 1018
2 772
2 3
2 167
2 166
2 630
2 505
2 679
2 470
2 31
2 458
2 415
2 690
2 214
2 254
2 264
2 78
3 78
2 0
2 1
2 2
2 1021
2 1022
2 1023
2 622
2 510
2 713
2 77
2 257
2 723
2 933
2 798
2 245
2 56
2 263
2 964
2 171
2 348
2 1019
2 876
2 777
2 760
2 105
2 358
3 37
2 0
2 1
2 2
2 1021
2 1022
2 1023
2 979
2 785
2 241
2 445
2 638
2 315
2 424
2 880
2 975
2 46
2 307
2 574
2 74
2 589
2 767
2 353
2 915
2 378
2 65
2 606
3 162
2 0
2 1
2 2
2 1021
2 1022
2 1023
2 922
2 178
2 974
2 871
2 930
2 675
2 827
2 148
2 126
2 152
2 418
2 144
2 738
2 783
2 131
2 56
2 2
2 600
2 157
2 973
3 37
2 0
2 1
2 2
2 1021
2 1022
2 1023
2 990
2 626
2 313
2 263
2 870
2 990
2 248
2 993
2 1012
2 194
2 1016
2 277
2 206
2 878
2 743
2 459
2 645
2 578
2 599
2 235
3 35
2 0
2 1
2 2
2 1021
2 1022
2 1023
2 12
2 603
2 863
2 787
2 637
2 643
2 387
2 972
2 327
2 464
2 898
2 16
2 933
2 543
2 401
2 99
2 318
2 523
2 226
2 144
3 122
2 0
2 1
2 2
2 1021
2 1022
2 1023
2 394
2 960
2 722
2 191
2 121
2 825
2 485
2 453
2 338
2 167
2 659
2 560
2 298
2 475
2 850
2 999
2 21
2 985
2 82
2 699
3 128
2 0
2 1
2 2
2 1021
2 1022
2 1023
2 975
2 4
2 56
2 1002
2 165
2 130
2 882
2 684
2 122
2 965
2 52
2 169
2 869
2 61
2 162
2 289
2 412
2 90
2 540
2 393
3 143
2 0
2 1
2 2
2 1021
2 1022
2 1023
2 781
2 868
2 920
2 961
2 570
2 261
2 25
2 936
2 797
2 327
2 718
2 614
2 563
2 821
2 49
2 406
2 268
2 255
2 722
2 828
3 44
2 0
2 1
2 2
2 1021
2 1022
2 1023
2 765
2 189
2 707
2 1015
2 257
2 581
2 960
2 903
2 88
2 935
2 14
2 695
2 823
2 777
2 959
2 791
2 876
2 869
2 73
2 33
3 169
2 0
2 1
2 2
2 1021
2 1022
2 1023
2 879
2 122
2 529
2 295
2 767
2 434
2 180
2 510
2 166
2 501
2 619
2 67
2 870
2 288
2 978
2 366
2 679
2 1016
2 854
2 831
3 241
2 0
2 1
2 2
2 1021
2 1022
2 1023
2 573
2 624
2 849
2 193
2 279
2 762
2 499
2 331
2 831
2 1015
2 562
2 795
2 577
2 961
2 356
2 596
2 782
2 61
2 285
2 331
3 22
2 0
2 1
2 2
2 1021
2 1022
2 1023
2 652
2 250
2 301
2 687
2 988
2 1001
2 935
2 297
2 685
2 590
2 844
2 325
2 711
2 944
2 458
2 526
2 435
2 19
2 984
2 428
3 172
2 0
2 1
2 2
2 1021
2 1022
2 1023
2 467
2 828
2 606
2 160
2 490
2 574
2 927
2 383
2 968
2 907
2 141
2 564
2 402
2 154
2 972
2 186
2 430
2 944
2 945
2 222
3 31
2 0
2 1
2 2
2 1021
2 1022
2 1023
2 1022
2 608
2 489
2 962
2 367
2 596
2 940
2 344
2 789
2 606
2 364
2 727
2 321
2 259
2 796
2 1012
2 394
2 433
2 592
2 563
3 122
2 0
2 1
2 2
2 1021
2 1022
2 1023
2 374
2 443
2 728
2 237
2 927
2 57
2 529
2 72
2 672
2 413
2 55
2 799
2 808
2 506
2 868
2 518
2 621
2 121
2 117
2 208
3 18
2 0
2 1
2 2
2 1021
2 1022
2 1023
2 806
2 882
2 1010
2 555
2 165
2 999
2 186
2 20
2 15
2 692
2 925
2 544
2 1020
2 621
2 629
2 920
2 567
2 15
2 142
2 45
3 87
2 0
2 1
2 2
2 1021
2 1022
2 1023
2 915
2 422
2 503
2 560
2 469
2 343
2 124
2 228
2 101
2 694
2 144
2 404
2 367
2 150
2 343
2 572
2 131
2 813
2 512
2 15
3 213
2 0
2 1
2 2
2 1021
2 1022
2 1023
2 568
2 1008
2 449
2 90
2 627
2 818
2 103
2 698
2 546
2 634
2 567
2 287
2 620
2 540
2 704
2 663
2 493
2 173
2 219
2 981
3 199
2 0
2 1
2 2
2 1021
2 1022
2 1023
2 732
2 94
2 208
2 84
2 811
2 547
2 552
2 757
2 110
2 961
2 974
2 504
2 499
2 294
2 238
2 11
2 887
2 45
2 773
2 418
3 218
2 0
2 1
2 2
2 1021
2 1022
2 1023
2 101
2 14
2 46
2 850
2 261
2 234
2 218
2 245
2 732
2 632
2 934
2 185
2 658
2 969
2 212
2 157
2 556
2 404
2 410
2 916
3 160
2 0
2 1
2 2
2 1021
2 1022
2 1023
2 117
2 468
2 563
2 621
2 555
2 315
2 332
2 136
2 211
2 881
2 1009
2 5
2 466
2 276
2 410
2 623
2 639
2 627
2 971
2 635
3 77
2 0
2 1
2 2
2 1021
2 1022
2 1023
2 145
2 380
2 464
2 237
2 8
2 565
2 56
2 45
2 545
2 206
2 811
2 192
2 663
2 737
2 650
2 563
2 616
2 1015
2 889
2 673
3 131
2 0
2 1
2 2
2 1021
2 1022
2 1023
2 1007
2 894
2 717
2 408
2 437
2 932
2 763
2 17
2 201
2 921
2 20
2 915
2 826
2 554
2 18
2 164
2 1004
2 654
2 180
2 261
3 37
2 0
2 1
2 2
2 1021
2 1022
2 1023
2 579
2 50
2 584
2 455
2 517
2 482
2 996
2 132
2 87
2 840
2 318
2 261
2 984
2 692
2 781
2 965
2 691
2 27
2 780
2 736
3 204
2 0
2 1
2 2
2 1021
2 1022
2 1023
2 770
2 352
2 393
2 604
2 383
2 552
2 146
2 965
2 778
2 361
2 322
2 42
2 431
2 560
2 52
2 850
2 929
2 875
2 837
2 588
3 122
2 0
2 1
2 2
2 1021
2 1022
2 1023
2 392
2 452
2 337
2 313
2 314
2 570
2 242
2 692
2 298
2 617
2 611
2 210
2 757
2 542
2 854
2 925
2 952
2 170
2 654
2 369
3 220
2 0
2 1
2 2
2 1021
2 1022
2 1023
2 585
2 623
2 367
2 351
2 501
2 86
2 353
2 348
2 908
2 391
2 597
2 223
2 831
2 1004
2 627
2 40
2 221
2 401
2 476
2 109
3 133
2 0
2 1
2 2
2 1021
2 1022
2 1023
2 895
2 770
2 32
2 728
2 884
2 770
2 964
2 736
2 234
2 149
2 844
2 352
2 236
2 592
2 885
2 315
2 382
2 768
2 105
2 941
3 112
2 0
2 1
2 2
2 1021
2 1022
2 1023
2 347
2 511
2 816
2 768
2 26
2 764
2 360
2 913
2 954
2 1010
2 1010
2 961
2 765
2 753
2 426
2 751
2 915
2 188
2 961
2 531
3 197
2 0
2 1
2 2
2 1021
2 1022
2 1023
2 847
2 37
2 2
2 463
2 984
2 862
2 316
2 711
2 875
2 948
2 811
2 313
2 910
2 245
2 395
2 992
2 413
2 306
2 696
2 976
3 51
2 0
2 1
2 2
2 1021
2 1022
2 1023
2 283
2 456
2 621
2 994
2 388
2 492
2 632
2 625
2 946
2 535
2 286
2 1003
2 460
2 975
2 363
2 950
2 777
2 688
2 242
2 730
3 142
2 0
2 1
2 2
2 1021
2 1022
2 1023
2 151
2 602
2 967
2 675
2 511
2 659
2 700
2 684
2 557
2 591
2 240
2 531
2 34
2 59
2 238
2 64
2 994
2 620
2 661
2 127
3 55
2 0
2 1
2 2
2 1021
2 1022
2 1023
2 746
2 398
2 476
2 19
2 58
2 169
2 500
2 244
2 606
2 510
2 895
2 495
2 512
2 1
2 743
2 726
2 47
2 145
2 737
2 477
3 166
2 0
2 1
2 2
2 1021
2 1022
2 1023
2 513
2 967
2 130
2 283
2 875
2 113
2 962
2 202
2 622
2 234
2 44
2 763
2 359
2 858
2 177
2 428
2 157
2 146
2 521
2 473
3 24
2 0
2 1
2 2
2 1021
2 1022
2 1023
2 663
2 452
2 727
2 225
2 709
2 1015
2 614
2 812
2 928
2 771
2 583
2 138
2 93
2 760
2 718
2 131
2 641
2 838
2 855
2 387
3 20
2 0
2 1
2 2
2 1021
2 1022
2 1023
2 23
2 175
2 74
2 885
2 198
2 119
2 402
2 855
2 269
2 181
2 949
2 922
2 495
2 219
2 47
2 529
2 170
2 519
2 236
2 473
3 68
2 0
2 1
2 2
2 1021
2 1022
2 1023
2 556
2 727
2 999
2 99
2 880
2 984
2 263
2 851
2 195
2 23
2 12
2 401
2 301
2 779
2 705
2 686
2 385
2 151
2 992
2 227
3 1
2 0
2 1
2 2
2 1021
2 1022
2 1023
2 936
2 157
2 509
2 915
2 446
2 263
2 931
2 704
2 963
2 467
2 548
2 757
2 734
2 238
2 244
2 845
2 357
2 309
2 525
2 35
3 48
2 0
2 1
2 2
2 1021
2 1022
2 1023
2 582
2 555
2 282
2 908
2 172
2 772
2 355
2 217
2 348
2 150
2 705
2 827
2 852
2 395
2 1007
2 529
2 903
2 111
2 603
2 418
3 18
2 0
2 1
2 2
2 1021
2 1022
2 1023
2 916
2 913
2 481
2 467
2 267
2 243
2 573
2 153
2 714
2 950
2 679
2 1002
2 202
2 966
2 759
2 400
2 352
2 877
2 782
2 157
3 136
2 0
2 1
2 2
2 1021
2 1022
2 1023
2 717
2 905
2 1001
2 269
2 954
2 64
2 221
2 802
2 911
2 124
2 925
2 559
2 469
2 1000
2 283
2 66
2 630
2 838
2 728
2 625
3 89
2 0
2 1
2 2
2 1021
2 1022
2 1023
2 209
2 910
2 820
2 541
2 148
2 223
2 682
2 798
2 881
2 202
2 211
2 600
2 490
2 280
2 974
2 291
2 745
2 60
2 97
2 438
3 228
2 0
2 1
2 2
2 1021
2 1022
2 1023
2 254
2 179
2 342
2 404
2 494
2 590
2 260
2 113
2 736
2 420
2 174
2 810
2 689
2 788
2 235
2 772
2 881
2 393
2 402
2 180
3 128
2 0
2 1
2 2
2 1021
2 1022
2 1023
2 732
2 561
2 506
2 229
2 269
2 540
2 7
2 947
2 594
2 518
2 361
2 536
2 321
2 670
2 853
2 981
2 670
2 429
2 175
2 1016
3 43
2 0
2 1
2 2
2 1021
2 1022
2 1023
2 837
2 1006
2 936
2 372
2 866
2 836
2 637
2 681
2 371
2 176
2 365
2 408
2 270
2 357
2 117
2 744
2 287
2 3
2 1019
2 812
3 174
2 0
2 1
2 2
2 1021
2 1022
2 1023
2 545
2 730
2 20
2 136
2 797
2 618
2 793
2 1004
2 207
2 780
2 60
2 391
2 596
2 672
2 539
2 886
2 110
2 274
2 803
2 923
3 7
2 0
2 1
2 2
2 1021
2 1022
2 1023
2 901
2 523
2 700
2 389
2 843
2 863
2 752
2 685
2 1013
2 398
2 457
2 904
2 428
2 488
2 1006
2 1009
2 164
2 869
2 504
2 665
3 208
2 0
2 1
2 2
2 1021
2 1022
2 1023
2 352
2 915
2 900
2 138
2 875
2 282
2 380
2 779
2 154
2 656
2 17
2 385
2 116
2 537
2 48
2 709
2 83
2 287
2 566
2 440
3 145
2 0
2 1
2 2
2 1021
2 1022
2 1023
2 873
2 733
2 863
2 354
2 860
2 210
2 721
2 70
2 205
2 956
2 742
2 821
2 327
2 749
2 523
2 229
2 172
2 644
2 925
2 1009
3 78
2 0
2 1
2 2
2 1021
2 1022
2 1023
2 279
2 630
2 128
2 244
2 623
2 502
2 409
2 839
2 1006
2 177
2 732
2 143
2 28
2 537
2 758
2 94
2 834
2 242
2 482
2 279
3 150
2 0
2 1
2 2
2 1021
2 1022
2 1023
2 499
2 18
2 996
2 430
2 597
2 980
2 619
2 347
2 630
2 476
2 79
2 266
2 212
2 432
2 221
2 988
2 903
2 526
2 685
2 339
3 236
2 0
2 1
2 2
2 1021
2 1022
2 1023
2 959
2 877
2 378
2 215
2 855
2 914
2 976
2 435
2 404
2 746
2 490
2 409
2 583
2 100
2 562
2 151
2 760
2 335
2 194
2 624
3 224
2 0
2 1
2 2
2 1021
2 1022
2 1023
2 945
2 712
2 87
2 577
2 228
2 189
2 180
2 87
2 874
2 561
2 662
2 676
2 580
2 649
2 275
2 58
2 233
2 686
2 635
2 147
3 30
2 0
2 1
2 2
2 1021
2 1022
2 1023
2 679
2 52
2 974
2 945
2 276
2 124
2 521
2 187
2 624
2 843
2 906
2 217
2 413
2 992
2 122
2 925
2 399
2 1010
2 70
2 560
3 1
2 0
2 1
2 2
2 1021
2 1022
2 1023
2 720
2 871
2 738
2 521
2 901
2 989
2 919
2 428
2 650
2 221
2 806
2 300
2 556
2 7
2 186
2 108
2 570
2 619
2 696
2 834
3 44
2 0
2 1
2 2
2 1021
2 1022
2 1023
2 731
2 161
2 697
2 628
2 530
2 770
2 53
2 589
2 680
2 760
2 532
2 187
2 944
2 313
2 562
2 634
2 753
2 409
2 416
2 1023
3 154
2 0
2 1
2 2
2 1021
2 1022
2 1023
2 45
2 133
2 507
2 926
2 625
2 231
2 123
2 840
2 989
2 556
2 716
2 740
2 740
2 999
2 498
2 568
2 610
2 92
2 332
2 665
3 226
2 0
2 1
2 2
2 1021
2 1022
2 1023
2 892
2 309
2 209
2 379
2 87
2 857
2 953
2 529
2 715
2 47
2 194
2 948
2 679
2 618
2 99
2 258
2 797
2 701
2 78
2 132
3 83
2 0
2 1
2 2
2 1021
2 1022
2 1023
2 693
2 360
2 84
2 954
2 989
2 304
2 343
2 753
2 747
2 301
2 700
2 751
2 74
2 665
2 572
2 511
2 353
2 123
2 170
2 755
3 154
2 0
2 1
2 2
2 1021
2 1022
2 1023
2 403
2 850
2 834
2 611
2 699
2 382
2 581
2 165
2 913
2 698
2 572
2 611
2 714
2 1022
2 872
2 205
2 959
2 103
2 340
2 579
3 179
2 0
2 1
2 2
2 1021
2 1022
2 1023
2 387
2 927
2 112
2 245
2 317
2 740
2 777
2 984
2 312
2 355
2 3
2 713
2 245
2 915
2 484
2 645
2 505
2 45
2 123
2 607
3 185
2 0
2 1
2 2
2 1021
2 1022
2 1023
2 129
2 532
2 824
2 630
2 16
2 859
2 454
2 979
2 492
2 681
2 830
2 172
2 606
2 126
2 298
2 825
2 877
2 210
2 654
2 623
3 228
2 0
2 1
2 2
2 1021
2 1022
2 1023
2 633
2 381
2 227
2 885
2 1018
2 919
2 170
2 978
2 438
2 109
2 263
2 281
2 281
2 898
2 552
2 563
2 433
2 860
2 831
2 86
3 218
2 0
2 1
2 2
2 1021
2 1022
2 1023
2 745
2 700
2 653
2 336
2 621
2 11
2 489
2 555
2 348
2 627
2 798
2 696
2 932
2 923
2 373
2 298
2 722
2 33
2 518
2 327
3 202
2 0
2 1
2 2
2 1021
2 1022
2 1023
2 160
2 752
2 691
2 638
2 341
2 963
2 452
2 122
2 739
2 930
2 271
2 989
2 399
2 628
2 828
2 232
2 407
2 977
2 442
2 711
3 219
2 0
2 1
2 2
2 1021
2 1022
2 1023
2 500
2 563
2 898
2 1004
2 137
2 120
2 381
2 170
2 985
2 455
2 941
2 1010
2 545
2 399
2 275
2 701
2 1022
2 686
2 778
2 445
3 237
2 0
2 1
2 2
2 1021
2 1022
2 1023
2 989
2 152
2 237
2 8
2 124
2 906
2 815
2 701
2 843
2 927
2 93
2 169
2 170
2 135
2 687
2 1017
2 371
2 156
2 789
2 197
3 216
2 0
2 1
2 2
2 1021
2 1022
2 1023
2 143
2 825
2 879
2 902
2 616
2 406
2 991
2 951
2 660
2 239
2 947
2 718
2 527
2 370
2 319
2 855
2 179
2 891
2 392
2 566
3 63
2 0
2 1
2 2
2 1021
2 1022
2 1023
2 56
2 664
2 580
2 396
2 850
2 67
2 138
2 310
2 212
2 505
2 431
2 19
2 181
2 978
2 433
2 616
2 36
2 413
2 260
2 261
3 213
2 0
2 1
2 2
2 1021
2 1022
2 1023
2 655
2 300
2 129
2 618
2 151
2 706
2 21
2 124
2 190
2 242
2 968
2 431
2 411
2 670
2 870
2 711
2 60
2 617
2 180
2 442
3 33
2 0
2 1
2 2
2 1021
2 1022
2 1023
2 735
2 575
2 396
2 329
2 397
2 337
2 250
2 819
2 522
2 1021
2 894
2 329
2 739
2 818
2 461
2 72
2 901
2 511
2 531
2 182
3 66
2 0
2 1
2 2
2 1021
2 1022
2 1023
2 667
2 301
2 328
2 297
2 379
2 822
2 457
2 159
2 155
2 506
2 351
2 360
2 144
2 988
2 661
2 279
2 177
2 724
2 154
2 899
3 117
2 0
2 1
2 2
2 1021
2 1022
2 1023
2 25
2 186
2 638
2 875
2 445
2 122
2 892
2 939
2 373
2 291
2 175
2 942
2 838
2 508
2 605
2 546
2 902
2 791
2 804
2 131
3 160
2 0
2 1
2 2
2 1021
2 1022
2 1023
2 274
2 740
2 825
2 306
2 855
2 712
2 295
2 835
2 54
2 196
2 769
2 499
2 590
2 289
2 746
2 83
2 298
2 908
2 543
2 11
3 190
2 0
2 1
2 2
2 1021
2 1022
2 1023
2 77
2 23
2 3
2 558
2 840
2 953
2 640
2 86
2 986
2 716
2 498
2 239
2 629
2 927
2 267
2 594
2 602
2 44
2 510
2 614
3 174
2 0
2 1
2 2
2 1021
2 1022
2 1023
2 855
2 95
2 606
2 843
2 827
2 304
2 111
2 505
2 247
2 659
2 463
2 337
2 260
2 321
2 131
2 553
2 764
2 556
2 988
2 52
3 104
2 0
2 1
2 2
2 1021
2 1022
2 1023
2 173
2 269
2 346
2 851
2 695
2 456
2 132
2 25
2 929
2 191
2 357
2 498
2 903
2 753
2 618
2 301
2 754
2 495
2 196
2 709
3 193
2 0
2 1
2 2
2 1021
2 1022
2 1023
2 887
2 354
2 167
2 747
2 899
2 326
2 28
2 425
2 103
2 870
2 559
2 306
2 225
2 722
2 170
2 713
2 468
2 149
2 648
2 59
3 249
2 0
2 1
2 2
2 1021
2 1022
2 1023
2 466
2 135
2 380
2 326
2 606
2 569
2 266
2 211
2 158
2 757
2 960
2 715
2 749
2 799
2 147
2 589
2 887
2 765
2 811
2 567
3 61
2 0
2 1
2 2
2 1021
2 1022
2 1023
2 260
2 130
2 131
2 625
2 107
2 55
2 645
2 160
2 384
2 103
2 999
2 351
2 949
2 835
2 742
2 322
2 756
2 404
2 1015
2 82
3 14
2 0
2 1
2 2
2 1021
2 1022
2 1023
2 75
2 458
2 481
2 693
2 724
2 131
2 203
2 228
2 527
2 819
2 598
2 312
2 170
2 764
2 590
2 1010
2 340
2 829
2 126
2 796
3 177
2 0
2 1
2 2
2 1021
2 1022
2 1023
2 908
2 464
2 489
2 59
2 617
2 300
2 239
2 194
2 446
2 455
2 819
2 800
2 153
2 812
2 172
2 654
2 782
2 857
2 940
2 288
3 74
2 0
2 1
2 2
2 1021
2 1022
2 1023
2 52
2 212
2 473
2 617
2 588
2 449
2 477
2 1007
2 659
2 871
2 329
2 192
2 98
2 176
2 692
2 528
2 809
2 276
2 925
2 334
3 29
2 0
2 1
2 2
2 1021
2 1022
2 1023
2 422
2 670
2 901
2 669
2 30
2 255
2 342
2 295
2 671
2 96
2 477
2 791
2 983
2 100
2 786
2 374
2 738
2 592
2 1012
2 204
3 99
2 0
2 1
2 2
2 1021
2 1022
2 1023
2 908
2 725
2 588
2 709
2 1015
2 231
2 125
2 67
2 343
2 87
2 971
2 665
2 772
2 91
2 215
2 434
2 85
2 757
2 273
2 967
